VI 14
VII 15
VIII 16
IX 17
X 18
XI 19
XII 20
blank 21
2 22
3 23
4 24
blank 25
blank 26
5 27
6 28
7 29
8 30
9 31
10 32
11 33
12 34
13 35
14 36
15 37
16 38
17 39
18 40
19 41
20 42
21 43
22 44
23 45
24 46
25 47
26 48
27 49
30 50
31 51
32 52
33 53
34 54
35 55
36 56
37 57
38 58
39 59
40 60
41 61
42 62
43 63
44 64
45 65
46 66
47 67
48 68
49 69
50 70
51 71
52 72
53 73
54 74
55 75
56 76
57 77
58 78
blank 79
blank 80
59 81
60 82
61 83
62 84
63 85
64 86
65 87
66 88
67 89
68 90
69 91
70 92
71 93
72 94
73 95
74 96
75 97
76 98
77 99
78 100
blank 101
blank 102
79 103
80 104
81 105
82 106
83 107
84 108
85 109
86 110
87 111
88 112
89 113
90 114
91 115
92 116
93 117
94 118
95 119
96 120
97 121
98 122
99 123
100 124
blank 125
blank 126
101 127
102 128
103 129
104 130
105 131
106 132
107 133
108 134
109 135
110 136
111 137
112 138
113 139
114 140
115 141
116 142
117 143
118 144
119 145
120 146
121 147
122 148
123 149
124 150
125 151
126 152
127 153
128 154
blank 155
blank 156
129 157
130 158
131 159
132 160
133 161
134 162
135 163
136 164
137 165
138 166
139 167
140 168
141 169
142 170
143 171
144 172
145 173
146 174
147 175
148 176
149 177
150 178
151 179
152 180
153 181
154 182
155 183
156 184
157 185
158 186
159 187
160 188
161 189
162 190
163 191
164 192
165 193
166 194
167 195
168 196
169 197
170 198
171 199
172 200
173 201
174 202
175 203
176 204
177 205
178 206
179 207
180 208
181 209
182 210
183 211
184 212
185 213
186 214
187 215
188 216
189 217
190 218
191 219
192 220
193 221
194 222
195 223
196 224
197 225
198 226
199 227
200 228
201 229
202 230
203 231
204 232
205 233
206 234
207 235
208 236
209 237
210 238
211 239
212 240
213 241
214 242
215 243
216 244
217 245
218 246
219 247
220 248
221 249
222 250
blank 251
blank 252
223 253
224 254
225 255
226 256
227 257
228 258
229 259
230 260
231 261
232 262
233 263
234 264
235 265
236 266
237 267
238 268
239 269
240 270
241 271
242 272
243 273
244 274
245 275
246 276
247 277
248 278
249 279
250 280
251 281
252 282
253 283
254 284
255 285
256 286
blank 287
blank 288
257 289
258 290
259 291
260 292
261 293
262 294
263 295
264 296
265 297
266 298
267 299
268 300
269 301
270 302
blank 303
blank 304
271 305
272 306
273 307
274 308
275 309
276 310
277 311
278 312
279 313
280 314
blank 315
blank 316
281 317
282 318
283 319
284 320
285 321
286 322
287 323
288 324
289 325
290 326
291 327
292 328
293 329
294 330
295 331
296 332
297 333
298 334
299 335
300 336
301 337
302 338
303 339
304 340
blank 341
blank 342
305 343
306 344
307 345
308 346
309 347
310 348
311 349
312 350
313 351
314 352
315 353
316 354
317 355
318 356
319 357
320 358
321 359
322 360
323 361
324 362
325 363
326 364
327 365
328 366
329 367
330 368
331 369
332 370
333 371
334 372
335 373
336 374
337 375
338 376
339 377
340 378
341 379
342 380
343 381
344 382
345 383
346 384
347 385
348 386
349 387
350 388
351 389
352 390
353 391
354 392
blank 393
blank 394
355 395
356 396
357 397
358 398
359 399
360 400
361 401
362 402
363 403
364 404
365 405
366 406
367 407
368 408
369 409
370 410
371 411
372 412
373 413
374 414
375 415
376 416
377 417
378 418
379 419
380 420
381 421
382 422
383 423
384 424
385 425
386 426
387 427
388 428
389 429
390 430
391 431
392 432
393 433
394 434
395 435
396 436
397 437
398 438
399 439
400 440
401 441
402 442
403 443
404 444
405 445
406 446
407 447
408 448
409 449
410 450
411 451
412 452
413 453
414 454
415 455
416 456
417 457
418 458
419 459
420 460
421 461
422 462
423 463
424 464
425 465
426 466
427 467
428 468
429 469
blank 470
blank 471
blank 472
431 473
432 474
433 475
434 476
435 477
436 478
437 479
438 480
439 481
440 482
441 483
442 484
443 485
444 486
445 487
446 488
447 489
448 490
449 491
450 492
451 493
452 494
453 495
454 496
455 497
456 498
457 499
458 500
459 501
460 502
461 503
462 504
463 505
464 506
465 507
466 508
467 509
468 510
469 511
470 512
471 513
472 514
473 515
474 516
475 517
476 518
477 519
478 520
479 521
480 522
481 523
482 524
483 525
484 526
485 527
486 528
blank 529
blank 530
487 531
488 532
489 533
490 534
491 535
492 536
493 537
494 538
495 539
496 540
497 541
498 542
499 543
500 544
501 545
502 546
503 547
504 548
505 549
506 550
507 551
508 552
509 553
510 554
511 555
512 556
513 557
514 558
515 559
516 560
517 561
518 562
519 563
520 564
blank 565
blank 566
521 567
522 568
523 569
524 570
525 571
526 572
527 573
528 574
529 575
530 576
531 577
532 578
533 579
534 580
535 581
536 582
537 583
538 584