V 7
VI 8
VII 9
VIII 10
IX 11
X 12
XI 13
XII 14
XIII 15
XIV 16
XV 17
XVI 18
XVII 19
XVIII 20
XIX 21
blank 22
blank 23
blank 24
3 25
4 26
5 27
6 28
7 29
8 30
9 31
10 32
11 33
12 34
13 35
14 36
15 37
16 38
17 39
18 40
19 41
20 42
21 43
22 44
23 45
24 46
25 47
26 48
27 49
28 50
29 51
30 52
31 53
32 54
blank 55
blank 56
35 57
16 58
17 59
18 60
19 61
20 62
21 63
22 64
23 65
24 66
25 67
26 68
27 69
28 70
29 71
30 72
31 73
32 74
33 75
34 76
35 77
36 78
37 79
38 80
39 81
40 82
41 83
42 84
43 85
44 86
45 87
46 88
47 89
48 90
49 91
50 92
51 93
52 94
53 95
54 96
55 97
56 98
57 99
58 100
59 101
60 102
61 103
62 104
63 105
64 106
65 107
66 108
67 109
68 110
69 111
70 112
71 113
72 114
73 115
74 116
75 117
76 118
77 119
78 120
79 121
80 122
81 123
82 124
83 125
84 126
85 127
86 128
87 129
88 130
89 131
90 132
91 133
92 134
93 135
94 136
95 137
96 138
97 139
98 140
99 141
100 142
101 143
102 144
103 145
104 146
105 147
106 148
107 149
108 150
109 151
110 152
111 153
112 154
113 155
114 156
115 157
116 158
117 159
118 160
119 161
120 162
121 163
122 164
123 165
124 166
125 167
126 168
127 169
128 170
129 171
130 172
131 173
132 174
133 175
134 176
135 177
136 178
137 179
138 180
139 181
140 182
141 183
142 184
143 185
144 186
145 187
146 188
147 189
148 190
149 191
150 192
151 193
152 194
153 195
154 196
155 197
156 198
157 199
158 200
blank 201
blank 202
181 203
182 204
183 205
184 206
185 207
186 208
187 209
188 210
189 211
190 212
191 213
192 214
193 215
194 216
195 217
196 218
197 219
198 220
199 221
200 222
201 223
202 224
203 225
204 226
205 227
206 228
207 229
208 230
209 231
blank 232
blank 233
blank 234
213 235
214 236
215 237
216 238
217 239
218 240
219 241
blank 242
blank 243
2 244
3 245
4 246
5 247
6 248
7 249
8 250
9 251
10 252
11 253
12 254
13 255
14 256
15 257
16 258
17 259
18 260
19 261
20 262
21 263
22 264
23 265
24 266
25 267
26 268
27 269
28 270
29 271
30 272
31 273