blank 1
blank 2
blank 3
blank 4
blank 5
blank 6
blank 7
blank 8
blank 9
4	10
5	11
6	12
7	13
blank	14
blank	15
blank	16
blank	17
blank	18
blank	19
blank	20
blank	21
16	22
17	23
18	24
19	25
20	26
21	27
22	28
23	29
24	30
25	31
26	32
27	33
28	34
29	35
28	36
29	37
30	38
31	39
blank	40
blank	41
blank	42
blank	43
36	44
37	45
38	46
39	47
40	48
41	49
42	50
43	51
44	52
45	53
46	54
47	55
48	56
49	57
50	58
51	59
52	60
53	61
54	62
55	63
56	64
57	65
58	66
59	67
60	68
61	69
62	70
63	71
64	72
65	73
66	74
67	75
68	76
69	77
70	78
71	79
72	80
73	81
blank	82
blank	83
blank	84
blank	85
78	86
79	87
80	88
81	89
82	90
83	91
84	92
85	93
86	94
87	95
88	96
89	97
blank	98
blank	99
blank	100
blank	101
94	102
95	103
96	104
97	105
98	106
99	107
100	108
101	109
102	110
103	111
104	112
105	113
106	114
107	115
108	116
109	117
110	118
111	119
112	120
113	121
114	122
115	123
116	124
117	125
118	126
119	127
120	128
121	129
122	130
123	131
124	132
125	133
126	134
127	135
128	136
129	137
130	138
131	139
132	140
133	141
134	142
135	143
136	144
137	145
138	146
139	147
140	148
141	149
142	150
143	151
144	152
145	153
blank	154
blank	155
blank	156
blank	157
150	158
151	159
152	160
153	161
154	162
155	163
156	164
blank	165
blank	166
blank	167
160	168
161	169
162	170
163	171
164	172
165	173
166	174
167	175
168	176
169	177
170	178
171	179
172	180
173	181
174	182
175	183
blank	184
blank	185
178	186
179	187
180	188
181	189
182	190
183	191
184	192
185	193
186	194
187	195
188	196
189	197
190	198
191	199
192	200
193	201
194	202
195	203
196	204
197	205
198	206
199	207
200	208
201	209
202	210
203	211
204	212
205	213
206	214
207	215
208	216
209	217
210	218
211	219
212	220
213	221