blank 0
blank 1
blank 2
blank 3
blank 4
blank 5
blank 6
blank 7
blank 8
blank 9
blank 10
blank 11
4 12
5 13
6 14
blank 15
8 16
9 17
10 18
11 19
12 20
13 21
14 22
15 23
16 24
17 25
18 26
19 27
20 28
21 29
22 30
23 31
24 32
25 33
26 34
27 35
28 36
29 37
blank 38
31 39
32 40
33 41
34 42
35 43
36 44
37 45
38 46
39 47
40 48
41 49
42 50
43 51
44 52
45 53
46 54
47 55
48 56
49 57
50 58
blank 59
52 60
53 61
54 62
55 63
56 64
57 65
58 66
59 67
60 68
61 69
62 70
63 71
64 72
65 73
66 74
67 75
68 76
69 77
70 78
71 79
72 80
73 81
blank 82
75 83
76 84
77 85
78 86
79 87
80 88
81 89
82 90
83 91
84 92
85 93
86 94
87 95
88 96
89 97
90 98
91 99
92 100
93 101
94 102
95 103
96 104
97 105
98 106
99 107
100 108
101 109
102 110
103 111
blank 112
105 113
106 114
107 115
108 116
109 117
110 118
111 119
112 120
113 121
115 122
113 123
114 124
115 125
116 126
117 127
118 128
119 129
120 130
121 131
122 132
123 133
124 134
125 135
126 136
127 137
128 138
blank 139
130 140
131 141
132 142
133 143
134 144
135 145
136 146
137 147
138 148
139 149
140 150
141 151
142 152
143 153
144 154
145 155
146 156
147 157
148 158
149 159
150 160
151 161
152 162
153 163
154 164
155 165
156 166
157 167
158 168
159 169
160 170
161 171
blank 172
163 173
164 174
165 175
166 176
167 177
168 178
169 179
170 180
171 181
172 182
173 183
174 184
175 185
176 186
177 187
178 188
179 189
180 190
181 191
182 192
183 193
184 194
185 195
186 196
187 197
188 198
189 199
190 200
191 201
182 202
183 203
184 204
185 205
186 206
187 207
188 208
189 209
188 210
189 211
190 212
191 213
192 214
193 215
194 216
195 217
196 218
197 219
198 220
199 221
blank 222
201 223
202 224
203 225
204 226
205 227
206 228
207 229
208 230
209 231
210 232
211 233
212 234
213 235
214 236
215 237
216 238
217 239
218 240
219 241
220 242
221 243
222 244
223 245
224 246
225 247
226 248
227 249
228 250
229 251
230 252
231 253
blank 254
231 255
232 256
233 257
234 258
235 259
236 260
237 261
238 262
239 263
240 264
241 265
242 266
243 267
244 268
245 269
246 270
247 271
248 272
249 273
250 274
251 275
252 276
253 277
254 278
255 279
256 280
257 281
258 282
259 283
260 284
261 285
262 286
263 287
264 288
265 289
266 290
267 291
268 292
blank 293
270 294
271 295
272 296
273 297
274 298
275 299
276 300
277 301
278 302
279 303
280 304
281 305
282 306
283 307
284 308
285 309
286 310
287 311
288 312
289 313
290 314
291 315
292 316
293 317
294 318
295 319
296 320
297 321
298 322
299 323
300 324
301 325
302 326
303 327
304 328
305 329
306 330
307 331
308 332
309 333
blank 334
311 335
312 336
313 337
314 338
315 339
316 340
317 341
318 342
319 343
320 344
321 345
322 346
323 347
324 348
325 349
326 350
327 351
328 352
329 353
330 354
331 355
332 356
333 357
334 358
335 359
336 360
337 361
338 362
339 363
340 364
341 365
342 366
343 367
344 368
345 369
346 370
347 371
348 372
blank 373
350 374
351 375
352 376
353 377
354 378
355 379
356 380
357 381
358 382
359 383
360 384
361 385
362 386
363 387
364 388
365 389
366 390
367 391
366	392
367	393
360 394
361 395
362 396
363 397
364 398
365 399
366 400
367 401
368 402
369 403
370 404
371 405
372 406
373 407
374 408
375 409
376 410
377 411
378 412
379 413
380 414
381 415
382 416
383 417
384 418
385 419
386 420
blank	421
388	422
389 423
390 424
391 425
392 426
393 427
394 428
395 429
396 430
397 431
398 432
399 433
400 434
401 435
402 436
403 437
404 438
405 439
406 440
407 441
408 442
409 443
410 444