blank 1
blank 2
blank 3
blank 4
blank 5
blank 6
blank 7
blank 8
blank 9
blank 10
blank 11
blank 12
1	13
2	14
3	15
4	16
5	17
6	18
7	19
8	20
9	21
10	22
11	23
12	24
13	25
14	26
15	27
16	28
17	29
18	30
19	31
20	32
21	33
22	34
23	35
24	36
25	37
26	38
27	39
28	40
29	41
30	42
31	43
32	44
33	45
34	46
35	47
36	48
37	49
38	50
39	51
40	52
41	53
42	54
43	55
44	56
45	57
46	58
47	59
48	60
49	61
50	62
51	63
52	64
53	65
54	66
55	67
56	68
57	69
58	70
59	71
60	72
61	73
62	74
63	75
64	76
65	77
66	78
67	79
68	80
69	81
70	82
71	83
72	84
73	85
74	86
75	87
76	88
77	89
78	90
79	91
80	92
81	93
82	94
83	95
84	96
85	97
86	98
87	99
88	100
89	101
90	102
91	103
92	104
93	105
94	106
95	107
96	108
97	109
98	110
99	111
100	112
101	113
102	114
103	115
104	116
105	117
106	118
107	119
108	120
109	121
110	122
111	123
112	124
113	125
114	126
115	127
116	128
117	129
118	130
119	131
120	132
121	133
122	134
123	135
124	136
125	137
126	138
127	139
128	140
129	141
130	142
131	143
132	144
133	145
134	146
135	147
136	148
137	149
138	150
139	151
140	152
141	153
142	154
143	155
144	156
145	157
146	158
147	159
148	160
149	161
150	162
151	163
152	164
153	165
154	166
155	167
156	168
157	169
158	170
159	171
160	172
161	173
162	174
163	175
164	176
165	177
166	178
167	179
168	180
169	181
170	182
171	183
172	184
173	185
174	186
175	187
176	188
177	189
178	190
179	191
180	192
181	193
182	194
183	195
184	196
185	197
186	198
187	199
188	200
189	201
190	202
191	203
192	204
193	205
194	206
195	207
196	208
197	209
198	210
199	211
200	212
201	213
202	214
203	215
204	216
205	217
206	218
207	219
208	220
209	221
210	222
211	223
212	224
213	225
214	226
215	227
216	228
217	229
218	230
219	231
220	232
221	233
222	234
223	235
224	236
225	237
226	238
227	239
228	240
229	241
230	242
231	243
232	244
233	245
234	246
235	247
236	248
237	249
238	250
239	251
240	252
241	253
242	254
243	255
244	256
245	257
246	258
247	259
248	260
249	261
250	262
251	263
252	264
253	265
254	266
255	267
256	268
257	269
258	270
259	271
260	272
261	273
262	274
263	275
264	276
265	277
266	278
267	279
268	280
269	281
270	282
271	283
272	284
273	285
274	286
275	287
276	288
277	289
278	290
279	291
280	292
281	293
282	294
283	295
284	296
285	297
286	298
287	299
288	300
289	301
290	302
291	303
292	304
293	305
294	306
295	307
296	308
297	309
298	310
299	311
300	312
301	313
302	314
303	315
304	316
305	317
blank	318
blank	319
blank	320
blank	321
310	322
311	323
312	324
313	325
314	326
315	327
316	328
317	329
318	330
319	331
320	332
321	333
322	334
323	335
324	336
325	337
326	338
327	339
328	340
329	341
330	342
331	343
332	344
333	345
334	346
335	347
336	348
337	349
338	350
339	351
340	352
341	353
342	354
343	355
344	356
345	357
346	358
347	359
348	360
349	361
350	362
351	363
352	364
353	365
354	366
355	367
356	368
357	369
358	370
359	371
360	372
361	373
362	374
363	375
364	376
365	377
366	378
367	379
368	380
369	381
370	382
371	383
372	384
373	385
374	386
375	387
376	388
377	389
378	390
379	391
380	392
381	393
382	394
383	395
384	396
385	397
386	398
387	399
388	400
389	401
390	402
391	403
392	404
393	405
394	406
395	407
396	408
397	409
398	410
399	411
400	412
401	413
402	414
403	415
404	416
405	417
406	418
407	419
408	420
409	421
410	422
411	423
412	424
413	425
414	426
415	427
416	428
417	429
418	430
419	431
420	432
421	433
422	434
423	435
424	436
425	437
426	438
427	439
428	440
429	441
430	442
431	443
432	444
433	445
434	446
435	447
436	448
437	449
438	450
439	451
440	452
441	453
442	454
443	455
444	456
445	457
446	458
447	459
448	460
449	461
450	462
451	463
452	464
453	465
454	466
455	467
456	468
457	469
458	470
459	471
460	472
461	473
462	474
463	475
464	476
465	477
466	478
467	479
468	480
469	481
470	482
471	483
472	484
473	485
474	486
475	487
476	488
477	489
478	490
479	491
480	492
481	493
482	494
483	495
484	496
485	497
486	498
487	499
488	500
489	501
490	502
491	503
492	504
493	505
blank	506
blank	507
blank	508
blank	509
498	510
blank	511
500	512
501	513
502	514
503	515
504	516
505	517
506	518
507	519
blank	520
blank	521
510	522
511	523
512	524
513	525
blank	526
blank	527
516	528
517	529
518	530
519	531
520	532
521	533
522	534
523	535
524	536
525	537
526	538
527	539
528	540
529	541
530	542
531	543
532	544
533	545
534	546
535	547
536	548
537	549
538	550
539	551
540	552
541	553