0.37136566
1.12340521
1.49890787
1.50304486
0.74997106
1.49890787
1.50326259
1.50299042
1.50271825
1.50244608
1.50217391
1.50190174
1.50162957
1.50135740
1.50108523
1.50081306
1.50054089
1.50026872
1.49999655
1.49972438
1.49945221
1.49918004
1.49890787
1.49890787
0.75182408
0.89900001
0.75182408
1.50386364
0.75182408
1.12547371
1.33200344
1.50386364
0.75182408
1.72657885
1.16596089
0.75130080
0.75184066
1.72657885
0.97453930
1.72658747
0.97454792
1.72659542
1.49890787
0.97453930
1.72657885
0.97453930
1.72657885
0.97453930
1.72657885
0.75182408
1.50377491
1.49890787
1.50386364
0.97453930
1.72657885
0.97453930
1.72657885
0.97453930
1.72657885
0.97453930
1.72657885
0.97453930
1.72657885
0.97453930
1.50364817
1.50387225
0.74686831
1.49890787
0.75182408
1.16854651
1.50386364
0.97453930
1.72657885
0.97453930
1.72657885
0.75183270
1.72658747
1.49890787
0.75183270
1.72657885
0.97453930
1.72657885
1.50321723
0.75182408
1.72659542
0.18761210
0.75182408
1.72658747
0.97453930
1.50386364
0.97453930
1.38794978
1.50386364
0.97453930
1.72658747
1.49890787
0.97453930
1.72657885
0.97453930
1.50386364
0.97453930
0.66524758
1.50386364
0.75182408
1.72658747
0.74686831
0.75182408
1.50356198
1.50386364
0.97453930
1.72657885
0.97453930
1.72657885
0.97453930
1.72657885
0.97454792
1.72657885
0.97454792
1.50386364
1.50388758
1.49929092
0.74686831
0.75182408
1.72657885
0.75152243
0.75182408
1.72657885
0.75182408
1.72658747
1.49890787
0.75182408
1.72657885
0.97453930
1.72657885
0.75182408
0.75182408
1.72657885
0.97453930
1.72657885
0.97453930
1.50356198
0.75089039
1.50386364
0.97453930
1.72657885
0.97453930
1.72657885
0.97453930
1.72657885
0.97453930
1.72657885
0.75182408
1.72659542
0.74686831
0.75182408
1.72657885
0.97453930
1.72657885
0.97454792
1.72657885
0.97453930
1.50321723
1.50386364
0.75182408
0.75182408
1.50388021
0.75182408
0.21357564
1.50386364
0.75182408
1.33588187
1.50386364
0.97453930
1.72657885
0.97453930
1.72657885
0.75183270
1.72658747
1.49890787
0.75182408
1.72657885
0.75182408
1.72657885
1.28770240
0.75182408
1.72658747
0.75184066
1.50388021
0.33006303
0.75182408
0.37214135
1.50386364
0.75182408
0.75182408
1.72658747
0.97453930
1.72658747
1.49890787
0.97453930
1.72657885
0.97453930
1.72657885
0.97453930
1.72657885
0.75182408
0.74686831
1.49890787
0.75182408
1.72656948
0.97453930
1.72657885
0.75156944
1.50379181
0.75182408
1.72658747
0.97453930
1.72657885
0.97453930
1.72657885
0.97453930
1.72657885
0.97453930
1.72657885
0.97453930
1.72657885
0.97453930
1.72657885
0.97453930
1.72657885
0.75182408
1.72658747
1.49890787
0.75182408
1.50360899
1.31512899
0.37272899
1.50386364
0.72385946
1.72657885
0.97453930
1.72658747
0.97453930
1.50386364
0.97453930
0.56058217
1.50386364
0.97453930
1.72657885
0.97453930
1.50387225
1.49890787
0.97453930
1.36368172
1.50386364
0.75181472
0.75183270
1.72657885
0.75182408
1.72658747
0.74686831
0.75182408
1.72657885
0.97453930
1.72657885
0.75182408
1.72658747
1.50139006
0.75182408
1.72657885
0.97453930
1.72657885
0.75179330
0.75182408
1.50387225
0.49929122
0.32948227
0.97453930
1.72658747
0.74686831
0.97453930
1.72657885
0.97453930
0.16302601
1.72657885
0.75182408
1.72657885
1.19960034
1.49998521
0.75182408
1.72658747
1.50159691
0.24654287
1.49890787
0.75182408
1.72657885
0.97453930
1.50380693
1.50386364
0.97453930
1.50387225
0.75182408
1.50386364
0.97454792
1.72657885
0.97453930
1.72657885
0.97453930
1.72658747
1.49890787
0.97453930
1.72657885
0.97453930
1.72659542
0.97453930
1.72657885
0.75182408
1.50387225
0.74686831
0.75182408
0.27260706
1.12612011
1.50377491
1.50073301
1.50386364
0.97454792
1.72657885
0.72385946
1.72657885
0.97453930
1.72657885
0.97453930
1.72657885
0.75182408
1.20304783
1.72657885
0.75182408
1.50370973
0.21154409
1.49890787
1.50386364
0.75156944
1.25198889
0.74874876
1.49984809
